<?xml version="1.0" standalone="no"?>
<!DOCTYPE svg PUBLIC "-//W3C//DTD SVG 20010904//EN"
 "http://www.w3.org/TR/2001/REC-SVG-20010904/DTD/svg10.dtd">
<svg version="1.0" xmlns="http://www.w3.org/2000/svg"
 width="1080.000000pt" height="1080.000000pt" viewBox="0 0 1080.000000 1080.000000"
 preserveAspectRatio="xMidYMid meet">

<g transform="translate(0.000000,1080.000000) scale(0.100000,-0.100000)"
fill="#000000" stroke="none">
<path d="M5780 7650 c8 -5 20 -10 25 -10 6 0 3 5 -5 10 -8 5 -19 10 -25 10 -5
0 -3 -5 5 -10z"/>
<path d="M5843 7624 c15 -8 27 -20 27 -26 0 -6 3 -8 7 -5 3 4 12 -1 19 -11 9
-11 13 -13 14 -4 0 11 3 11 14 -1 8 -8 14 -22 13 -33 -2 -14 4 -18 18 -16 18
2 19 2 2 -8 -24 -15 -57 -4 -51 18 5 15 4 15 -5 2 -7 -9 -14 -11 -18 -5 -5 6
-15 11 -23 11 -8 1 -32 9 -52 18 -21 9 -38 14 -38 11 0 -5 124 -66 315 -155
44 -20 168 -79 275 -130 490 -232 475 -226 1005 -466 187 -85 348 -159 357
-164 25 -14 32 -12 16 3 -7 7 -33 21 -58 31 -25 11 -54 28 -65 38 -17 16 -18
18 -2 18 9 0 17 7 17 15 0 8 5 15 10 15 6 0 10 -12 10 -26 0 -16 5 -24 13 -21
6 2 11 13 9 23 -2 11 0 15 5 8 10 -14 43 -26 43 -16 0 5 -37 26 -82 47 -71 33
-213 100 -643 305 -230 109 -284 134 -440 205 -164 75 -260 119 -374 172 -62
29 -144 66 -151 68 -18 6 -131 59 -161 75 -20 11 -41 20 -45 20 -5 -1 3 -8 19
-16z m1770 -847 c-5 -8 -8 -8 -11 1 -2 7 -10 12 -17 12 -8 0 -16 4 -20 10 -3
5 7 5 25 -1 18 -7 27 -15 23 -22z"/>
<path d="M5800 6996 c0 -7 100 -66 113 -66 8 0 17 -13 21 -32 7 -37 5 -41 -18
-32 -11 4 -14 9 -7 13 6 4 -6 7 -26 7 -32 0 -11 -13 150 -90 103 -50 187 -93
187 -97 0 -4 -68 -126 -152 -271 -83 -144 -168 -292 -188 -328 -20 -36 -58
-102 -85 -148 -26 -45 -46 -85 -43 -87 3 -3 13 13 23 35 10 22 21 40 25 40 4
0 15 18 25 40 10 22 22 40 27 40 4 0 7 3 6 8 -4 13 40 74 46 63 4 -5 15 -8 26
-6 11 2 20 -1 20 -7 0 -5 -7 -8 -15 -5 -18 8 -31 -11 -17 -25 13 -13 -12 -68
-29 -68 -6 0 -9 -6 -6 -14 3 -7 1 -18 -4 -23 -13 -13 -49 -86 -45 -90 2 -2 32
45 66 104 35 60 107 182 160 273 161 274 300 512 300 515 0 2 -17 10 -37 18
-21 8 -72 31 -113 50 -41 19 -122 56 -180 82 -58 26 -133 60 -167 75 -35 16
-63 28 -63 26z m210 -166 c0 -5 -2 -10 -4 -10 -3 0 -8 5 -11 10 -3 6 -1 10 4
10 6 0 11 -4 11 -10z m-58 -652 c-7 -7 -12 -8 -12 -2 0 14 12 26 19 19 2 -3
-1 -11 -7 -17z m-12 -28 c0 -5 -5 -10 -11 -10 -5 0 -7 5 -4 10 3 6 8 10 11 10
2 0 4 -4 4 -10z m-11 -41 c-15 -9 -32 -2 -24 11 3 5 13 6 21 3 12 -4 13 -8 3
-14z"/>
<path d="M5680 6960 c8 -5 20 -10 25 -10 6 0 3 5 -5 10 -8 5 -19 10 -25 10 -5
0 -3 -5 5 -10z"/>
<path d="M5730 6940 c8 -5 20 -10 25 -10 6 0 3 5 -5 10 -8 5 -19 10 -25 10 -5
0 -3 -5 5 -10z"/>
<path d="M5811 6916 c-9 -11 -8 -15 5 -20 9 -4 19 -4 22 -1 3 3 0 5 -7 5 -8 0
-11 7 -7 15 7 19 2 19 -13 1z"/>
<path d="M7800 6710 c8 -5 20 -10 25 -10 6 0 3 5 -5 10 -8 5 -19 10 -25 10 -5
0 -3 -5 5 -10z"/>
<path d="M6771 6473 c-59 -102 -401 -696 -452 -788 -25 -44 -146 -255 -268
-470 -123 -214 -235 -410 -249 -435 -16 -28 -20 -40 -9 -32 9 8 26 33 37 58
12 24 26 47 31 50 6 3 17 23 26 45 17 45 30 50 39 15 4 -18 11 -23 22 -19 10
4 5 -6 -12 -25 -17 -18 -26 -32 -20 -32 5 -1 -4 -7 -21 -16 -22 -10 -24 -13
-8 -10 20 4 21 2 11 -17 -6 -12 -17 -26 -25 -30 -7 -5 -11 -13 -7 -18 3 -5 1
-15 -4 -22 -19 -23 -53 -89 -48 -94 2 -3 12 10 21 29 17 32 35 64 208 358 46
80 94 161 105 180 22 40 464 802 522 900 21 36 65 112 98 170 34 58 67 112 74
122 12 15 31 8 208 -74 440 -202 653 -298 657 -295 1 2 -19 15 -47 28 -47 23
-63 39 -39 39 6 0 9 9 6 20 -6 23 -3 24 24 9 11 -6 25 -8 32 -6 11 4 -101 60
-328 167 -124 58 -508 241 -527 251 -14 8 -24 -3 -57 -58z m829 -373 c0 -5 -4
-10 -10 -10 -5 0 -10 5 -10 10 0 6 5 10 10 10 6 0 10 -4 10 -10z m-1656 -1138
c3 -5 -1 -9 -9 -9 -8 0 -12 4 -9 9 3 4 7 8 9 8 2 0 6 -4 9 -8z"/>
<path d="M2290 6380 c-8 -5 -11 -12 -7 -16 4 -4 15 0 24 9 18 18 8 23 -17 7z"/>
<path d="M1885 6192 c-198 -92 -370 -172 -382 -177 -22 -10 -22 -11 21 -85 44
-77 262 -453 503 -865 38 -66 83 -142 99 -170 16 -27 33 -57 39 -67 5 -9 26
-45 46 -80 81 -143 111 -194 121 -203 6 -5 2 6 -9 25 -11 19 -44 80 -73 135
-29 55 -67 123 -85 150 -17 28 -37 64 -44 82 -7 18 -19 38 -27 44 -8 6 -14 17
-14 23 1 6 12 -2 25 -19 18 -22 25 -25 25 -13 0 9 -5 18 -11 20 -7 2 -7 12 -1
28 10 24 10 24 18 5 4 -11 17 -33 28 -48 17 -24 18 -29 6 -37 -8 -5 -18 -6
-22 -4 -4 3 -8 0 -8 -6 0 -7 7 -10 15 -7 19 8 31 -13 14 -24 -10 -6 -11 -11
-3 -19 9 -9 13 -5 18 15 8 32 19 26 46 -28 12 -23 30 -53 41 -67 12 -14 6 2
-12 35 -32 59 -171 306 -188 335 -5 8 -92 159 -192 335 -101 176 -200 348
-221 383 -21 34 -38 66 -38 70 0 5 42 28 93 52 50 24 166 79 257 123 91 43
176 83 189 88 32 13 22 21 -15 11 -24 -6 -33 -4 -52 16 -23 24 -23 24 -1 17
14 -5 19 -4 15 4 -9 14 26 1 36 -13 5 -7 11 -7 20 2 10 10 10 14 -2 22 -8 5
-18 6 -22 4 -4 -3 -8 -3 -8 0 0 3 33 21 73 41 39 19 65 34 57 34 -8 0 -177
-75 -375 -167z m175 -1113 c0 -6 -4 -7 -10 -4 -5 3 -10 11 -10 16 0 6 5 7 10
4 6 -3 10 -11 10 -16z m40 -43 c0 -2 -7 -7 -16 -10 -8 -3 -12 -2 -9 4 6 10 25
14 25 6z"/>
<path d="M2325 6310 c-3 -5 -2 -10 4 -10 5 0 13 5 16 10 3 6 2 10 -4 10 -5 0
-13 -4 -16 -10z"/>
<path d="M2187 6267 c6 -31 12 -33 39 -11 18 15 18 15 0 10 -11 -4 -23 0 -31
11 -12 16 -13 14 -8 -10z"/>
<path d="M2255 6280 c-3 -5 1 -10 9 -10 8 0 18 5 21 10 3 6 -1 10 -9 10 -8 0
-18 -4 -21 -10z"/>
<path d="M7700 6105 c0 -5 68 -35 79 -35 8 1 -61 39 -71 40 -5 0 -8 -2 -8 -5z"/>
<path d="M7640 6090 c0 -5 9 -10 21 -10 11 0 17 5 14 10 -3 6 -13 10 -21 10
-8 0 -14 -4 -14 -10z"/>
<path d="M5882 6043 c-10 -4 -10 -8 -1 -19 9 -11 15 -11 25 -3 23 19 6 34 -24
22z"/>
<path d="M7730 6010 c8 -5 20 -10 25 -10 6 0 3 5 -5 10 -8 5 -19 10 -25 10 -5
0 -3 -5 5 -10z"/>
<path d="M5845 5950 c-3 -5 -1 -10 4 -10 6 0 11 5 11 10 0 6 -2 10 -4 10 -3 0
-8 -4 -11 -10z"/>
<path d="M5696 5773 c-6 -14 -5 -15 5 -6 7 7 10 15 7 18 -3 3 -9 -2 -12 -12z"/>
<path d="M5754 5725 c-14 -25 -25 -48 -23 -50 2 -2 16 19 32 46 34 62 27 65
-9 4z"/>
<path d="M2328 5745 c-3 -4 3 -22 14 -41 24 -41 34 -45 15 -6 -8 15 -16 33
-18 40 -3 7 -7 10 -11 7z"/>
<path d="M2450 5671 c0 -6 4 -13 10 -16 6 -3 7 1 4 9 -7 18 -14 21 -14 7z"/>
<path d="M2140 4960 c0 -5 5 -10 10 -10 6 0 10 5 10 10 0 6 -4 10 -10 10 -5 0
-10 -4 -10 -10z"/>
<path d="M5894 4899 c-3 -6 -1 -16 5 -22 8 -8 11 -5 11 11 0 24 -5 28 -16 11z"/>
<path d="M2296 4757 c3 -10 9 -15 12 -12 3 3 0 11 -7 18 -10 9 -11 8 -5 -6z"/>
<path d="M5750 4691 c-11 -23 -19 -41 -16 -41 7 0 47 72 42 77 -2 3 -14 -13
-26 -36z"/>
<path d="M2331 4693 c7 -12 15 -20 18 -17 3 2 -3 12 -13 22 -17 16 -18 16 -5
-5z"/>
<path d="M2365 4630 c3 -5 8 -10 11 -10 2 0 4 5 4 10 0 6 -5 10 -11 10 -5 0
-7 -4 -4 -10z"/>
<path d="M7668 4473 c-25 -43 -67 -116 -94 -163 -28 -47 -94 -161 -148 -255
-54 -93 -130 -223 -168 -287 l-69 -118 -702 0 c-436 0 -708 -4 -717 -10 -10
-7 16 -10 85 -11 55 -1 88 -4 73 -6 -35 -5 -37 -23 -3 -23 14 0 25 -4 25 -10
0 -5 -21 -10 -47 -11 -27 0 -57 -4 -68 -8 -20 -8 1240 -26 1350 -19 l59 4 42
69 c22 39 52 90 66 115 110 196 163 289 179 312 11 15 19 29 19 31 0 3 34 64
75 137 41 73 73 135 71 137 -2 3 -9 -5 -16 -16 -6 -12 -27 -28 -47 -36 -42
-18 -43 -18 -43 -5 0 6 6 9 13 8 6 -2 12 6 13 17 1 34 23 75 39 75 11 0 15 6
12 18 -3 9 7 40 21 67 27 50 27 50 87 56 l60 6 -61 1 -62 2 -44 -77z m-23
-193 c-3 -5 -11 -10 -16 -10 -6 0 -7 5 -4 10 3 6 11 10 16 10 6 0 7 -4 4 -10z
m-32 -35 c4 -8 2 -17 -3 -20 -6 -4 -10 3 -10 14 0 25 6 27 13 6z m-56 -81 c-3
-3 -12 -4 -19 -1 -8 3 -5 6 6 6 11 1 17 -2 13 -5z"/>
<path d="M2350 4510 c6 -11 13 -20 16 -20 2 0 0 9 -6 20 -6 11 -13 20 -16 20
-2 0 0 -9 6 -20z"/>
<path d="M2397 4425 c9 -19 18 -33 21 -31 4 5 -26 66 -33 66 -3 0 3 -16 12
-35z"/>
<path d="M7745 4450 c-3 -5 -1 -10 4 -10 6 0 11 5 11 10 0 6 -2 10 -4 10 -3 0
-8 -4 -11 -10z"/>
<path d="M7711 4398 l-11 -33 20 25 c21 27 25 40 11 40 -5 0 -14 -15 -20 -32z"/>
<path d="M7640 4339 c0 -5 5 -7 10 -4 6 3 10 8 10 11 0 2 -4 4 -10 4 -5 0 -10
-5 -10 -11z"/>
<path d="M5662 3580 c0 -14 2 -19 5 -12 2 6 2 18 0 25 -3 6 -5 1 -5 -13z"/>
<path d="M7704 3353 c-47 -81 -48 -83 -36 -83 5 0 15 15 23 33 7 17 24 49 37
70 14 20 23 39 20 42 -2 2 -22 -26 -44 -62z"/>
<path d="M7815 3389 c-4 -6 -5 -12 -2 -15 2 -3 7 2 10 11 7 17 1 20 -8 4z"/>
<path d="M7777 3333 c-4 -3 -7 -11 -7 -17 0 -6 5 -5 12 2 6 6 9 14 7 17 -3 3
-9 2 -12 -2z"/>
<path d="M7628 3224 c-13 -21 -39 -66 -58 -99 l-36 -60 -901 -5 c-496 -3 -905
-8 -909 -12 -4 -5 46 -8 112 -9 65 0 112 -3 104 -6 -8 -2 -22 -7 -30 -10 -13
-4 -12 -7 3 -18 26 -19 13 -22 -98 -24 -55 -1 -102 -4 -104 -7 -2 -2 419 -4
936 -4 l940 0 73 133 c40 72 75 135 77 140 2 4 1 7 -4 7 -4 -1 -19 -24 -33
-52 -14 -28 -37 -64 -52 -79 -16 -15 -23 -29 -17 -31 7 -2 4 -10 -7 -18 -12
-10 -15 -11 -10 -2 11 18 -14 48 -25 30 -5 -7 -9 -8 -9 -3 0 6 5 17 10 25 8
12 12 12 18 2 7 -10 11 -10 22 3 8 10 9 15 1 15 -6 0 -11 5 -11 11 0 6 8 8 18
5 11 -4 22 2 30 14 7 11 8 20 3 20 -5 0 -11 -6 -14 -12 -4 -10 -7 -10 -18 0
-12 11 -11 18 4 44 10 17 15 33 13 36 -3 2 -15 -13 -28 -34z m-33 -203 c3 -5
1 -12 -5 -16 -5 -3 -10 1 -10 9 0 18 6 21 15 7z"/>
</g>
</svg>
